           instance_id              item_id  \
0   108641074714126964  3412720377098676069   
1  5754713551599725161  3412720377098676069   
2   842679481291040981  3412720377098676069   
3   937088850059189027  3412720377098676069   
4  7975697065017708072  3412720377098676069   

                        item_category_list  \
0  7908382889764677758;5799347067982556520   
1  7908382889764677758;5799347067982556520   
2  7908382889764677758;5799347067982556520   
3  7908382889764677758;5799347067982556520   
4  7908382889764677758;5799347067982556520   

                                  item_property_list        item_brand_id  \
0  2072967855524022579;5131280576272319091;263639...  1975590437749032870   
1  2072967855524022579;5131280576272319091;263639...  1975590437749032870   
2  2072967855524022579;5131280576272319091;263639...  1975590437749032870   
3  2072967855524022579;5131280576272319091;263639...  1975590437749032870   
4  2072967855524022579;5131280576272319091;263639...  1975590437749032870   

          item_city_id  item_price_level  item_sales_level  \
0  3948283326616421003                 3                 3   
1  3948283326616421003                 3                 3   
2  3948283326616421003                 3                 3   
3  3948283326616421003                 3                 3   
4  3948283326616421003                 3                 3   

   item_collected_level  item_pv_level    ...     context_page_id  \
0                     4             14    ...                4006   
1                     4             14    ...                4001   
2                     4             14    ...                4001   
3                     4             14    ...                4016   
4                     4             14    ...                4001   

                           predict_category_property              shop_id  \
0  5799347067982556520:-1;509660095530134768:-1;5...  6765930309048922341   
1  5799347067982556520:9172976955054793469;790838...  6765930309048922341   
2  5799347067982556520:5131280576272319091;725801...  6765930309048922341   
3  509660095530134768:-1;5799347067982556520:-1;7...  6765930309048922341   
4  5799347067982556520:9172976955054793469;790838...  6765930309048922341   

   shop_review_num_level  shop_review_positive_rate  shop_star_level  \
0                      4                        1.0             5002   
1                      4                        1.0             5002   
2                      4                        1.0             5002   
3                      4                        1.0             5002   
4                      4                        1.0             5002   

   shop_score_service  shop_score_delivery shop_score_description  is_trade  
0                 1.0                  1.0                    1.0         0  
1                 1.0                  1.0                    1.0         0  
2                 1.0                  1.0                    1.0         0  
3                 1.0                  1.0                    1.0         0  
4                 1.0                  1.0                    1.0         0  

[5 rows x 27 columns]
